100 90 90 90 100 90 90 100 90 90 100 90	90 90 90 85 55 100 85 85 90 55 88 90 95 85 85
90 90 90 90 90 90 90 90 90 90 90 90 90	90 90 65 80 100 80 65 90 80 91 85 77 85 74
90 100 70 100 90 70 70 90 100 70 90 100	70 100 70 85 95 100 95 85 70 95 83 77 85 85 88
95 100 80 100 95 80 80 95 100 80 95 100	80 100 80 90 100 100 100 90 80 100 77 95 100 85 90
95 100 90 100 95 90 90 95 100 90 95 100	90 100 90 45 100 90 100 45 90 100 69 58 91 98 88
90 80 90 80 90 90 90 90 80 90 90 80 90	80 90 90 95 90 95 90 90	95 80 88 80 88 92
80 100 90 100 80 90 90 80 100 90 80 100	90 100 90 75 85 90 85 75 90 85 92 82 72 77 75
90 100 90 100 90 90 90 90 100 90 90 100	90 100 90 85 75 100 75 85 90 75 74 91 67 85 85
90 100 90 100 90 90 90 90 100 90 90 100	90 100 90 90 65 100 65 90 90 65	89 80 85 90 74
70 90 90 90 70 90 90 70 90 90 70 90 90	90 90 90 80 100 80 26 90 80 62 80 79 88 80 
